1.8072757720947266
1.8550043106079102
1.86063814163208
1.7838232517242432
1.7986807823181152
1.7874836921691895
1.7803826332092285
1.7966461181640625
1.77557373046875
1.793064832687378
1.7942774295806885
1.8034217357635498
1.8801934719085693
1.7516279220581055
1.7138943672180176
1.7164251804351807
1.746171236038208
1.7115962505340576
1.721498966217041
1.7909269332885742
1.7521746158599854
1.8448102474212646
1.7832443714141846
1.7743911743164062
1.7962446212768555
1.816389799118042
1.7935380935668945
1.7936639785766602
1.7986834049224854
1.7833871841430664
1.7228660583496094
1.636340618133545
1.7065091133117676
1.6951231956481934
1.73335862159729
1.689194917678833
1.6628355979919434
1.7373993396759033
1.7132713794708252
1.71895432472229
1.733377456665039
1.7442011833190918
1.702181100845337
1.7252187728881836
1.7198095321655273
1.7327842712402344
1.6867127418518066
1.7106499671936035
1.6993107795715332
1.7134220600128174
1.7371442317962646
1.7402698993682861
1.7098073959350586
1.7431659698486328
1.6991405487060547
1.7297139167785645
1.724231243133545
1.82611083984375
1.8710441589355469
1.753218650817871
1.7966151237487793
1.7632250785827637
1.732166051864624
1.6955766677856445
1.7203896045684814
1.7298610210418701
1.7591757774353027
1.7101900577545166
1.697577714920044
1.6979196071624756
1.7415971755981445
1.8057472705841064
1.7476985454559326
1.7303125858306885
1.7517633438110352
1.7311618328094482
1.8951153755187988
1.8428447246551514
1.8534691333770752
1.8473913669586182
1.878951072692871
1.717144250869751
1.71291184425354
1.7527918815612793
1.694530963897705
1.705531120300293
1.7873249053955078
1.6993834972381592
1.69453763961792
1.7180366516113281
1.6787567138671875
1.761335849761963
1.689573049545288
1.6934595108032227
1.6930656433105469
1.696439504623413
1.7589313983917236
1.7038934230804443
1.706498384475708
1.7095260620117188
1.7384462356567383
1.6961946487426758
1.7083258628845215
1.6981470584869385
1.766362190246582
1.7316195964813232
1.696514368057251
1.6869754791259766
1.712496280670166
1.709709882736206
1.702951192855835
1.7262053489685059
1.6785218715667725
1.7425241470336914
1.7189404964447021
1.6973962783813477
1.7130026817321777
1.7228240966796875
1.7195992469787598
1.7431623935699463
1.6964988708496094
1.7204797267913818
1.6847422122955322
1.7135157585144043
1.7496185302734375
1.919262409210205
1.8866586685180664
1.8828346729278564
1.9125065803527832
1.8899707794189453
1.8738889694213867
2.0101869106292725
1.6529488563537598
1.6434664726257324
1.7092933654785156
1.8255491256713867
1.7514450550079346
1.763709545135498
1.7069814205169678
1.8340697288513184
1.721883773803711
1.7044572830200195
1.7469305992126465
1.7194337844848633
1.7993042469024658
1.721146583557129
1.7662882804870605
1.7355358600616455
1.7475059032440186
1.7193114757537842
1.716202974319458
1.7450170516967773
1.8214530944824219
1.7567570209503174
1.7188119888305664
1.7677192687988281
1.7323286533355713
1.8092732429504395
1.7482361793518066
1.7243480682373047
1.7227067947387695
1.7108111381530762
1.768690586090088
1.7421388626098633
0.5784008502960205
0.5903410911560059
1.6694366931915283
1.700178861618042
1.718040943145752
1.7571361064910889
1.7203710079193115
1.682607889175415
1.6839911937713623
1.6883656978607178
1.761739730834961
1.6378722190856934
1.71844482421875
1.7006895542144775
1.7056670188903809
1.810565710067749
1.6843481063842773
1.62947678565979
1.7096269130706787
1.6696009635925293
1.851170301437378
1.8815386295318604
1.8499813079833984
1.971782922744751
1.8611605167388916
1.6491014957427979
1.7012901306152344
1.682187557220459
1.725456714630127
1.703251838684082
1.7365005016326904
1.6340835094451904
1.691098928451538
1.6958496570587158
1.6738121509552002
1.6624705791473389
1.6634087562561035
1.6776514053344727
1.659548282623291
1.678917646408081
1.652240514755249
1.6703426837921143
1.6415371894836426
1.6993470191955566
1.659926414489746
1.7182676792144775
1.6457710266113281
1.6930184364318848
1.6573667526245117
1.6360163688659668
1.659040927886963
1.6758253574371338
1.7723853588104248
1.6662483215332031
1.6713063716888428
1.6789155006408691
1.6360905170440674
1.6758334636688232
1.6880340576171875
1.6783795356750488
1.710721492767334
1.6765923500061035
1.6501660346984863
1.6332361698150635
1.6987800598144531
1.6976633071899414
1.6687235832214355
1.6508564949035645
1.6354186534881592
1.6580097675323486
1.7011332511901855
1.6626827716827393
1.6719141006469727
1.6659975051879883
1.6347546577453613
1.6512303352355957
1.6622226238250732
1.6640119552612305
1.647881269454956
1.6531693935394287
1.6494228839874268
1.645564317703247
1.6609630584716797
1.7379086017608643
1.6508753299713135
1.6577725410461426
1.6565804481506348
1.6900458335876465
1.6821966171264648
1.6742286682128906
1.657102108001709
1.6440072059631348
1.6671090126037598
1.6323513984680176
1.7483601570129395
1.6598165035247803
1.668639898300171
1.6585054397583008
1.6484365463256836
1.6352746486663818
1.653022289276123
1.6476356983184814
1.6859629154205322
1.656498908996582
1.6799311637878418
1.6862223148345947
1.6433422565460205
1.6419684886932373
1.670724630355835
1.6692612171173096
1.660736083984375
1.6710422039031982
1.7163827419281006
1.6537351608276367
1.6467046737670898
1.7054245471954346
1.6565635204315186
1.6571903228759766
1.6584811210632324
1.6527550220489502
1.6484947204589844
1.6213624477386475
1.6416912078857422
1.6525449752807617
1.6814405918121338
1.6608269214630127
1.6782786846160889
1.649216651916504
1.6611874103546143
1.6515412330627441
1.6637918949127197
1.6726374626159668
1.6894030570983887
1.6445226669311523
1.6746766567230225
1.6528851985931396
1.6441233158111572
1.6774442195892334
1.6082713603973389
1.650993824005127
1.6368436813354492
1.6680710315704346
1.7318923473358154
1.68080735206604
1.6477580070495605
1.6564674377441406
1.651848554611206
1.6371774673461914
1.6600744724273682
1.6754038333892822
1.6926970481872559
1.6516644954681396
1.6869616508483887
1.6607232093811035
1.6738989353179932
1.6553328037261963
1.6846108436584473
1.643146276473999
1.6447715759277344
1.6602575778961182
1.6867516040802002
1.6556494235992432
1.6627616882324219
1.7378342151641846
1.6521098613739014
1.6555888652801514
1.6906757354736328
1.653451919555664
1.662799596786499
1.6539819240570068
1.6557366847991943
1.6476075649261475
1.6443963050842285
1.6443767547607422
1.6474523544311523
1.729966163635254
1.6862268447875977
1.652127981185913
1.679349660873413
1.6469144821166992
1.6445503234863281
1.6588683128356934
1.6660301685333252
1.6691672801971436
1.6448330879211426
1.6474308967590332
1.6576337814331055
1.7265264987945557
1.6963856220245361
1.6480801105499268
1.667480230331421
1.644653081893921
1.660548210144043
1.651214838027954
1.6198108196258545
1.6652414798736572
1.6547400951385498
1.6729214191436768
1.6723177433013916
1.6465058326721191
1.654449701309204
1.6547260284423828
1.8611655235290527
1.894819974899292
1.892500877380371
1.840116262435913
1.8438007831573486
1.8569297790527344
1.8236639499664307
1.8510842323303223
2.1052305698394775
1.75360107421875
1.7390894889831543
1.6427326202392578
1.635725975036621
1.6510634422302246
1.6419322490692139
1.664515495300293
1.7813975811004639
1.687988042831421
1.6546642780303955
1.6168675422668457
1.6493172645568848
1.7418980598449707
1.63124680519104
1.6381773948669434
1.6461865901947021
1.638667345046997
1.6505792140960693
1.66452956199646
1.7108690738677979
1.6831204891204834
1.63490629196167
1.670699119567871
1.6437735557556152
1.6631765365600586
1.6622893810272217
1.6380293369293213
1.64320969581604
1.6851527690887451
1.666940450668335
1.643803596496582
1.8309736251831055
1.8508083820343018
1.854379415512085
1.8703746795654297
1.8874223232269287
1.9395041465759277
1.8883202075958252
1.8965437412261963
1.9449715614318848
1.8876423835754395
1.9034266471862793
1.888227939605713
2.046875238418579
1.8305585384368896
1.6824345588684082
1.672264814376831
1.6683645248413086
1.647486925125122
1.6443426609039307
1.6656181812286377
1.6900076866149902
1.6997556686401367
1.7190117835998535
1.6656124591827393
1.6707870960235596
1.6603727340698242
1.7619199752807617
1.6746737957000732
1.7503948211669922
1.6553032398223877
1.6710882186889648
1.6591594219207764
1.6470112800598145
1.6419284343719482
1.642770528793335
1.702059268951416
1.693117618560791
1.6756784915924072
1.658050775527954
1.6654655933380127
1.6620213985443115
1.670806646347046
1.6809673309326172
1.6640563011169434
1.7253615856170654
1.652407169342041
1.6655619144439697
1.6441974639892578
1.6644413471221924
1.637986421585083
1.6692583560943604
1.63356351852417
1.680351734161377
1.6833217144012451
1.6715576648712158
1.662299394607544
1.6755216121673584
1.648169994354248
1.6586558818817139
1.8005883693695068
1.6608760356903076
1.6883738040924072
1.7072930335998535
1.676384449005127
1.6713392734527588
1.6766345500946045
1.628979206085205
1.7160277366638184
1.6524994373321533
1.694828987121582
1.6465015411376953
1.666687250137329
1.6993553638458252
1.7043342590332031
1.6620707511901855
1.6519336700439453
1.6768717765808105
1.6613731384277344
1.6764895915985107
1.6364057064056396
1.6648073196411133
1.752483606338501
1.6636223793029785
1.6470093727111816
1.658383846282959
1.6342980861663818
1.6939103603363037
1.7586641311645508
1.7147183418273926
1.7111339569091797
1.6756117343902588
1.6935560703277588
1.6729590892791748
1.701082468032837
1.650313377380371
1.7430949211120605
1.7214043140411377
1.6866066455841064
1.6990399360656738
1.7656545639038086
1.842010736465454
1.8493618965148926
1.8579378128051758
1.8587758541107178
1.8948016166687012
1.6972877979278564
1.7273564338684082
1.6693432331085205
1.72312593460083
1.6686875820159912
1.6711654663085938
1.6412804126739502
1.6492805480957031
1.6391851902008057
1.6419463157653809
1.7124481201171875
1.6966407299041748
1.6309599876403809
1.63645601272583
1.6555323600769043
1.6705617904663086
1.6672346591949463
1.6913399696350098
1.6613237857818604
1.6463005542755127
1.6707510948181152
1.6501212120056152
1.6678729057312012
1.6939029693603516
1.652860403060913
1.6767053604125977
1.6337816715240479
1.6347079277038574
1.6743366718292236
1.6547422409057617
1.6542730331420898
1.6652848720550537
1.668975591659546
1.6696007251739502
1.676698923110962
1.6946403980255127
1.6633145809173584
1.6770997047424316
1.6733324527740479
1.7560687065124512
1.6671547889709473
1.632056713104248
1.6501221656799316
1.6463940143585205
1.6774959564208984
1.65293288230896
1.7264463901519775
1.7450881004333496
1.7073545455932617
1.6955671310424805
1.670586109161377
1.7487766742706299
1.7251951694488525
1.809901237487793
1.6494042873382568
1.734921932220459
1.7209117412567139
1.6509358882904053
1.7297914028167725
1.7343370914459229
1.6675033569335938
1.6994075775146484
1.6673469543457031
1.7090680599212646
1.6666250228881836
1.7024478912353516
1.690270185470581
1.672243356704712
1.7024741172790527
1.6703741550445557
1.8214516639709473
1.7247278690338135
1.6975996494293213
1.6486194133758545
1.7049498558044434
1.6970140933990479
1.7361581325531006
1.7436063289642334
1.7219820022583008
1.7896039485931396
1.7267310619354248
1.8977842330932617
1.845482349395752
1.8352229595184326
1.8746795654296875
1.7851300239562988
1.7974936962127686
1.8125190734863281
1.78428053855896
1.8331434726715088
1.7188782691955566
1.7209892272949219
1.6764283180236816
1.7282397747039795
1.6722643375396729
1.6546518802642822
1.7235169410705566
1.7029392719268799
1.6540989875793457
1.6739189624786377
1.716132640838623
1.7253825664520264
1.7737619876861572
1.7233145236968994
1.6305124759674072
1.6709678173065186
1.842928171157837
1.8454523086547852
1.8632786273956299
1.839184284210205
1.8268380165100098
1.850356101989746
1.7859277725219727
1.7833211421966553
1.8351526260375977
1.7868728637695312
1.7949247360229492
1.7864644527435303
1.799736738204956
1.748643159866333
1.7097806930541992
1.7385261058807373
1.733335018157959
1.7692701816558838
1.7538673877716064
1.7748017311096191
1.6369283199310303
1.6893622875213623
1.666508436203003
1.7075071334838867
1.7444136142730713
1.642859697341919
1.6712632179260254
1.6553690433502197
1.7209844589233398
1.6653978824615479
1.6878623962402344
1.6634552478790283
1.7342674732208252
1.6537270545959473
1.7085604667663574
1.754729986190796
1.675490379333496
1.646287202835083
1.6606945991516113
1.7193586826324463
1.74232816696167
1.7181189060211182
1.7192339897155762
1.7080600261688232
1.7680506706237793
1.6425774097442627
1.6450519561767578
1.6664702892303467
1.6501543521881104
1.6419639587402344
1.6512761116027832
1.6364216804504395
1.7535746097564697
1.6278800964355469
1.6613612174987793
1.647933006286621
1.6712112426757812
1.6345298290252686
1.6668951511383057
1.663837194442749
1.707716703414917
1.708317756652832
1.7414286136627197
1.6455955505371094
1.6679613590240479
1.6380507946014404
1.6731164455413818
1.6585724353790283
1.8936614990234375
1.7254281044006348
1.6671559810638428
1.6555616855621338
1.7007324695587158
1.6626849174499512
1.6535615921020508
1.6811704635620117
1.7611467838287354
1.6421866416931152
1.6654727458953857
1.656796932220459
1.6543567180633545
1.6579034328460693
1.7280120849609375
1.6530022621154785
1.7550830841064453
1.7218689918518066
1.8800749778747559
1.8584702014923096
1.8634066581726074
1.8395330905914307
1.801147222518921
1.840266466140747
1.862161636352539
1.8513128757476807
1.794677495956421
1.87066650390625
1.783921480178833
1.772305965423584
1.8214693069458008
2.0388007164001465
1.677304744720459
1.6692018508911133
1.659174919128418
1.6426630020141602
1.6470496654510498
1.712557315826416
1.667388916015625
1.9335460662841797
1.8839929103851318
1.828016996383667
1.8121609687805176
1.857374906539917
1.858672857284546
1.8506908416748047
1.7279753684997559
1.8088173866271973
1.6907768249511719
1.7114577293395996
1.7076551914215088
1.6423425674438477
1.6422615051269531
1.715627908706665
1.677154302597046
1.910294532775879
1.6886212825775146
1.7009248733520508
1.8029065132141113
1.75313401222229
1.7014238834381104
1.7057957649230957
1.7007319927215576
1.6666381359100342
1.688429832458496
1.6918187141418457
1.6958954334259033
1.7086725234985352
1.7128326892852783
1.7636022567749023
1.7088103294372559
1.742377758026123
1.733539342880249
1.686429500579834
1.6890597343444824
1.7123949527740479
1.6907696723937988
1.7237739562988281
1.6269142627716064
1.706958532333374
1.9490923881530762
1.7695207595825195
1.8345527648925781
1.7339515686035156
1.895505666732788
1.6915192604064941
1.7721261978149414
1.8909814357757568
1.7964959144592285
1.6762480735778809
1.8725621700286865
1.6907353401184082
1.9129071235656738
1.7530403137207031
1.890028715133667
1.7315397262573242
1.8376247882843018
1.7302186489105225
1.7275121212005615
1.8753833770751953
1.7374069690704346
2.0160837173461914
1.7151217460632324
1.8454627990722656
1.8070933818817139
1.727461576461792
1.7445342540740967
1.656836986541748
1.701970100402832
1.706465482711792
1.6797685623168945
1.6807410717010498
1.6619207859039307
1.6674294471740723
1.7232387065887451
1.6862096786499023
1.6880242824554443
1.9312424659729004
1.7137119770050049
1.7351570129394531
1.708996057510376
1.7175931930541992
1.720322608947754
1.6982011795043945
1.695363998413086
1.712937831878662
1.707613468170166
1.735246181488037
1.6849215030670166
