-0.00790,0.00600,-0.01500,-0.01000,-0.05400,0.00100,0.00000,-0.00100,0.00200,-0.00100,-0.00700
-0.00820,0.00300,-0.01400,-0.01000,-0.05900,0.00300,0.00600,-0.00300,-0.00400,-0.00100,-0.00300
-0.00700,0.00900,-0.01400,-0.01200,-0.05800,0.00700,0.00800,-0.00500,0.00000,-0.00300,-0.00200
-0.00800,0.00600,-0.01500,-0.01200,-0.06700,0.00800,0.00700,-0.00100,-0.00100,-0.00100,-0.00400
-0.00880,0.00600,-0.01600,-0.01200,-0.06100,0.00100,0.00600,-0.00200,-0.00500,-0.00300,-0.00200
-0.00800,0.00500,-0.01300,-0.00700,-0.06800,0.00000,0.00700,-0.00100,0.00000,0.00000,-0.00300
-0.00740,0.00600,-0.01400,-0.01100,-0.05900,0.00600,0.00200,-0.00200,0.00100,-0.00200,-0.00100
-0.00780,0.00200,-0.01200,-0.00900,-0.06200,0.00100,0.00800,0.00000,-0.00200,-0.00100,-0.00300
-0.00650,0.00600,-0.01400,-0.01000,-0.05600,0.00100,0.01000,0.00000,0.00000,-0.00200,0.00000
-0.00750,0.00800,-0.01200,-0.01300,-0.05600,0.00000,0.00200,0.00000,-0.00200,-0.00100,-0.00100
-0.00640,0.00400,-0.01400,-0.00900,-0.05200,0.00500,0.00300,0.00100,0.00100,0.00000,-0.00300
-0.00800,0.00900,-0.01500,-0.01500,-0.06900,0.00400,0.00800,-0.00100,-0.00100,-0.00100,0.00100
-0.00780,0.00000,-0.01700,-0.01200,-0.05700,0.00300,0.00800,-0.00100,0.00100,0.00200,-0.00500
-0.00750,0.00400,-0.01500,-0.01200,-0.05600,0.00500,0.00800,-0.00200,-0.00200,-0.00300,-0.00200
-0.00730,0.00200,-0.01600,-0.00900,-0.06100,0.00800,0.00600,-0.00100,0.00300,-0.00200,-0.00300
-0.00780,0.00100,-0.01300,-0.01300,-0.06300,0.00500,0.01000,-0.00200,0.00000,-0.00100,-0.00200
-0.00770,0.00500,-0.01500,-0.01200,-0.06600,0.00600,0.00900,-0.00300,-0.00100,-0.00100,0.00100
-0.00700,0.00700,-0.01500,-0.01200,-0.06000,0.00400,0.00600,0.00000,0.00100,0.00000,-0.00100
-0.00790,0.00500,-0.01500,-0.01000,-0.06700,0.00600,0.01100,0.00000,-0.00400,-0.00300,-0.00200
-0.00820,0.00600,-0.01500,-0.01300,-0.06500,0.00000,0.00800,0.00100,0.00000,0.00000,-0.00400
-0.00660,0.00800,-0.01600,-0.00900,-0.05600,0.00300,0.00400,0.00200,0.00100,-0.00100,-0.00200
-0.00810,0.00800,-0.01500,-0.01600,-0.06000,0.00600,0.00800,0.00000,-0.00200,-0.00300,-0.00700
-0.00810,0.00500,-0.01600,-0.01200,-0.05200,-0.00200,0.00300,-0.00100,-0.00100,-0.00100,-0.00400
-0.00720,0.00500,-0.01200,-0.01100,-0.06500,0.00500,0.01000,-0.00200,-0.00200,0.00000,0.00000
-0.00820,0.00800,-0.01400,-0.01200,-0.05600,0.00100,0.00400,-0.00100,-0.00300,-0.00200,-0.00700
-0.00730,0.00500,-0.01500,-0.01100,-0.05900,0.00800,0.00500,-0.00100,-0.00100,-0.00300,-0.00100
-0.00770,0.00400,-0.01500,-0.01200,-0.06000,0.00100,0.00700,0.00400,-0.00200,-0.00300,-0.00100
-0.00650,0.00700,-0.01200,-0.01100,-0.04900,0.00400,0.00100,-0.00200,0.00100,-0.00200,-0.00200
-0.00720,0.00500,-0.01400,-0.00900,-0.06000,0.00600,0.00700,-0.00100,-0.00400,-0.00200,0.00000
-0.00820,0.00500,-0.01500,-0.00800,-0.06600,0.00700,0.00500,0.00000,-0.00300,-0.00200,-0.00500
-0.00830,0.00400,-0.01600,-0.01400,-0.06100,0.00100,0.00700,-0.00100,-0.00100,-0.00200,0.00000
-0.00780,0.00600,-0.01400,-0.01200,-0.06100,0.00500,0.00600,-0.00100,0.00300,-0.00300,-0.00700
-0.00760,0.00500,-0.01700,-0.01000,-0.05700,0.00300,0.00700,-0.00100,-0.00100,-0.00200,-0.00300
-0.00750,0.00600,-0.01600,-0.01000,-0.06400,0.00900,0.00400,-0.00200,0.00200,-0.00200,-0.00200
-0.00760,0.00600,-0.01400,-0.00900,-0.05800,0.00100,0.00500,-0.00200,0.00100,-0.00200,-0.00400
-0.00680,0.00300,-0.01400,-0.01000,-0.05600,0.00400,0.00600,0.00100,-0.00100,0.00100,-0.00200
-0.00750,0.00500,-0.01300,-0.01200,-0.05500,0.00100,0.00500,-0.00200,-0.00100,-0.00200,-0.00100
-0.00720,0.00100,-0.01500,-0.00700,-0.05400,0.00700,0.00100,-0.00300,0.00000,-0.00200,0.00000
-0.00710,0.00200,-0.01300,-0.00800,-0.05100,0.00400,0.00400,-0.00300,-0.00400,0.00100,-0.00300
-0.00750,0.00600,-0.01400,-0.01000,-0.06500,0.00000,0.00900,0.00000,0.00200,-0.00200,-0.00100
-0.00700,0.00900,-0.01500,-0.01100,-0.05700,0.00500,0.00500,-0.00100,0.00100,-0.00300,-0.00300
-0.00760,0.00800,-0.01600,-0.01500,-0.05600,0.00400,0.00700,-0.00200,-0.00200,-0.00300,-0.00100
-0.00800,0.00100,-0.01500,-0.00600,-0.06200,0.00300,0.00400,0.00000,0.00000,0.00000,-0.00500
-0.00790,0.00200,-0.01400,-0.01200,-0.05300,0.00400,0.00200,0.00000,-0.00100,-0.00100,-0.00600
-0.00760,0.00400,-0.01300,-0.01000,-0.06600,0.00400,0.01000,-0.00100,-0.00100,-0.00200,-0.00100
-0.00640,0.00500,-0.01200,-0.01000,-0.04900,0.00300,0.00600,-0.00100,-0.00300,-0.00300,0.00000
-0.00810,0.00800,-0.01400,-0.01200,-0.06400,0.00100,0.00500,-0.00200,-0.00200,-0.00300,0.00200
-0.00740,0.00500,-0.01400,-0.01000,-0.06100,0.00300,0.00700,-0.00200,0.00000,-0.00200,0.00000
-0.00780,0.00200,-0.01400,-0.01000,-0.05900,0.00700,0.00300,0.00100,-0.00400,0.00000,-0.00400
-0.00810,0.00500,-0.01400,-0.01000,-0.06400,0.00200,0.00700,-0.00300,0.00100,-0.00100,-0.00400
-0.00800,0.00700,-0.01500,-0.01200,-0.05700,0.00500,0.00200,-0.00100,-0.00300,0.00000,-0.00600
-0.00680,0.00600,-0.01500,-0.01100,-0.05100,0.00300,0.00400,-0.00300,-0.00200,-0.00200,0.00300
-0.00810,0.00200,-0.01300,-0.01300,-0.05600,0.00600,0.00500,-0.00200,-0.00200,-0.00300,-0.00500
-0.00790,0.00500,-0.01300,-0.00900,-0.06200,0.00300,0.00500,-0.00200,-0.00300,0.00000,-0.00300
-0.00760,0.00400,-0.01300,-0.00900,-0.05700,0.00100,0.00800,-0.00200,-0.00300,-0.00200,-0.00300
-0.00670,0.00800,-0.01300,-0.00900,-0.06300,0.00500,0.00700,-0.00100,-0.00100,0.00000,0.00000
-0.00750,0.00600,-0.01300,-0.00900,-0.05600,0.00200,0.00400,-0.00200,0.00000,-0.00200,-0.00500
-0.00740,0.00400,-0.01500,-0.01300,-0.06300,0.00300,0.01000,-0.00100,0.00000,-0.00100,0.00200
-0.00790,0.00600,-0.01500,-0.01100,-0.06000,0.00100,0.00600,-0.00100,-0.00100,0.00000,-0.00400
-0.00750,0.00700,-0.01500,-0.01300,-0.06000,0.00100,0.00900,0.00000,-0.00200,0.00000,-0.00200
-0.00800,0.00500,-0.01500,-0.00900,-0.06400,0.00200,0.00800,0.00000,-0.00600,-0.00300,0.00200
-0.00710,0.00800,-0.01500,-0.01100,-0.06500,0.00900,0.00600,-0.00200,-0.00100,0.00000,0.00000
-0.00860,0.00200,-0.01400,-0.01500,-0.06300,0.00500,0.00600,-0.00200,-0.00100,-0.00100,-0.00300
-0.00750,0.00700,-0.01400,-0.01100,-0.06500,0.00200,0.00500,0.00000,0.00100,0.00000,0.00000
-0.00820,0.00600,-0.01400,-0.01600,-0.05600,0.00300,0.00700,-0.00300,-0.00300,-0.00300,-0.00300
-0.00810,-0.00100,-0.01600,-0.01200,-0.05800,0.00400,0.00300,0.00000,0.00100,0.00000,-0.00200
-0.00710,0.00700,-0.01300,-0.00800,-0.05700,0.00300,0.00500,-0.00200,-0.00300,-0.00100,-0.00200
-0.00730,0.00500,-0.01300,-0.01200,-0.05300,0.00100,0.00800,-0.00600,0.00000,-0.00400,0.00100
-0.00720,0.00800,-0.01500,-0.01200,-0.06200,0.00500,0.00800,-0.00100,0.00100,-0.00200,-0.00200
-0.00750,0.00500,-0.01500,-0.01100,-0.05500,0.00300,0.00300,0.00000,0.00100,-0.00300,-0.00300
-0.00850,0.00200,-0.01400,-0.01400,-0.06000,0.00500,0.00500,0.00100,-0.00400,-0.00100,-0.00500
-0.00680,0.01100,-0.01500,-0.00700,-0.05900,0.00000,0.00800,-0.00100,-0.00100,-0.00100,-0.00300
-0.00890,0.00200,-0.01800,-0.01300,-0.06300,0.00500,0.00400,0.00000,-0.00200,0.00000,-0.00400
-0.00740,0.00500,-0.01500,-0.00900,-0.05900,0.00600,0.00600,-0.00400,0.00000,-0.00200,-0.00200
-0.00730,0.00500,-0.01500,-0.00600,-0.06000,0.00600,0.00400,0.00100,-0.00100,-0.00200,-0.00500
-0.00690,0.00500,-0.01200,-0.00900,-0.05900,0.00800,0.00600,-0.00100,-0.00100,0.00000,-0.00600
-0.00710,0.00800,-0.01400,-0.01200,-0.05700,0.00200,0.00600,-0.00100,0.00400,-0.00200,-0.00500
-0.00780,0.00400,-0.01400,-0.01300,-0.06100,0.00500,0.00600,-0.00100,0.00300,-0.00400,-0.00300
-0.00700,0.00600,-0.01800,-0.00900,-0.05400,0.00300,0.00500,0.00000,-0.00100,-0.00100,-0.00100
-0.00590,0.00700,-0.01400,-0.01100,-0.04800,0.00800,0.00100,-0.00200,0.00200,-0.00200,0.00000
-0.00740,0.00500,-0.01400,-0.01000,-0.06600,0.00400,0.00900,0.00000,-0.00300,-0.00200,0.00300
-0.00710,0.00700,-0.01500,-0.01600,-0.05900,0.00900,0.00600,-0.00100,-0.00200,-0.00100,0.00100
-0.00790,0.00400,-0.01500,-0.01500,-0.06000,0.00500,0.00900,-0.00100,-0.00100,-0.00200,-0.00300
-0.00660,0.00500,-0.01300,-0.00800,-0.06200,0.00500,0.00800,-0.00200,0.00000,0.00000,0.00100
-0.00750,0.00300,-0.01500,-0.01200,-0.05200,0.00300,0.00400,-0.00100,-0.00100,0.00000,-0.00400
-0.00650,0.00600,-0.01300,-0.01100,-0.05800,0.00700,0.00800,-0.00200,0.00000,-0.00100,-0.00100
-0.00800,0.00500,-0.01500,-0.01300,-0.05100,0.00100,0.00400,-0.00200,0.00000,-0.00400,-0.00500
-0.00600,0.00900,-0.01300,-0.00800,-0.05500,0.00300,0.00300,0.00200,0.00000,0.00000,-0.00100
-0.00710,0.00900,-0.01500,-0.00800,-0.06000,0.00500,0.00300,-0.00100,0.00000,-0.00200,-0.00200
-0.00910,0.00400,-0.01200,-0.01300,-0.06900,0.00700,0.00700,-0.00300,-0.00300,-0.00200,-0.00700
-0.00850,0.00600,-0.01400,-0.01500,-0.06500,0.00500,0.00600,-0.00100,-0.00300,0.00000,-0.00400
-0.00710,0.00400,-0.01600,-0.01000,-0.05800,0.00300,0.00500,-0.00100,-0.00100,0.00100,0.00200
-0.00800,0.00600,-0.01400,-0.01100,-0.06400,0.00200,0.00800,-0.00100,-0.00100,-0.00100,-0.00400
-0.00730,0.00400,-0.01400,-0.00700,-0.05600,0.00500,0.00400,0.00100,-0.00300,-0.00200,-0.00500
-0.00750,0.00700,-0.01400,-0.01100,-0.05800,0.00000,0.00500,0.00000,0.00100,-0.00100,-0.00400
-0.00740,0.00500,-0.01500,-0.00800,-0.05400,0.00300,0.00200,-0.00100,-0.00300,-0.00100,-0.00200
-0.00780,0.00300,-0.01500,-0.01100,-0.06000,0.00200,0.00600,0.00000,-0.00100,0.00000,-0.00200
-0.00710,0.00800,-0.01600,-0.01000,-0.06100,0.00400,0.00700,-0.00100,-0.00300,0.00000,0.00100
-0.00720,0.00500,-0.01400,-0.00600,-0.06000,0.00400,0.00500,0.00000,-0.00100,-0.00200,-0.00300
-0.00740,0.00500,-0.01200,-0.00800,-0.05400,0.00100,0.00200,-0.00200,0.00000,-0.00300,-0.00300
-0.00640,0.01200,-0.01300,-0.01200,-0.05500,0.00200,0.00600,0.00000,-0.00100,-0.00300,0.00000
-0.00750,0.00700,-0.01400,-0.01300,-0.06100,0.00200,0.00800,-0.00100,-0.00100,0.00000,-0.00200
-0.00750,0.00700,-0.01200,-0.01000,-0.06200,0.00400,0.00500,-0.00200,0.00100,-0.00200,-0.00400
-0.00790,0.00800,-0.01400,-0.01500,-0.06300,0.00200,0.00800,-0.00100,-0.00300,-0.00200,0.00100
-0.00760,0.00300,-0.01600,-0.01100,-0.05900,0.00300,0.00900,0.00000,0.00000,-0.00100,-0.00400
-0.00800,0.00400,-0.01400,-0.01100,-0.06200,0.00300,0.01000,-0.00200,-0.00400,-0.00200,-0.00200
-0.00650,0.00800,-0.01100,-0.01200,-0.05900,0.00800,0.00700,-0.00100,0.00000,-0.00400,-0.00100
-0.00630,0.00600,-0.01600,-0.00900,-0.04800,0.00800,0.00200,-0.00100,-0.00400,0.00100,-0.00200
-0.00720,0.00600,-0.01400,-0.01600,-0.05800,0.00000,0.00700,-0.00200,0.00300,0.00000,0.00200
-0.00710,0.00800,-0.01500,-0.01100,-0.05800,0.00600,0.00600,0.00000,-0.00300,0.00000,-0.00400
-0.00860,0.00300,-0.01500,-0.01400,-0.05700,0.00200,0.00400,0.00000,-0.00400,-0.00100,-0.00400
-0.00780,0.00300,-0.01400,-0.01200,-0.05900,0.00300,0.00400,-0.00100,-0.00100,-0.00100,0.00000
-0.00660,0.00600,-0.01500,-0.00600,-0.05300,0.00600,0.00500,-0.00200,-0.00200,-0.00300,-0.00200
-0.00760,0.00700,-0.01400,-0.01000,-0.06600,0.00400,0.00800,-0.00100,0.00300,-0.00200,-0.00500
-0.00670,0.00700,-0.01600,-0.01000,-0.05400,0.00600,0.00600,-0.00100,-0.00200,-0.00100,-0.00200
-0.00950,0.00300,-0.01700,-0.01500,-0.06100,0.00000,0.00500,-0.00200,-0.00300,-0.00200,-0.00300
-0.00690,0.01100,-0.01400,-0.01300,-0.05500,0.00300,0.00600,-0.00200,-0.00300,-0.00100,-0.00100
-0.00710,0.00200,-0.01700,-0.00900,-0.05300,0.00400,0.00200,-0.00100,0.00000,-0.00200,0.00300
-0.00690,0.01200,-0.01500,-0.01000,-0.05300,0.00500,0.00300,-0.00100,-0.00300,-0.00100,-0.00600
-0.00630,0.00700,-0.01400,-0.01200,-0.04900,0.00500,0.00600,-0.00200,-0.00400,-0.00100,0.00100
-0.00680,0.00700,-0.01300,-0.01400,-0.05600,0.00300,0.00700,-0.00100,0.00100,-0.00300,0.00100
-0.00750,0.00500,-0.01300,-0.01000,-0.05700,0.00700,0.00300,-0.00200,-0.00400,-0.00100,-0.00300
-0.00640,0.00800,-0.01600,-0.01500,-0.05200,0.00400,0.00600,-0.00100,0.00100,-0.00100,0.00200
-0.00700,0.00900,-0.01300,-0.01200,-0.06000,0.00400,0.00600,-0.00100,-0.00200,-0.00100,0.00000
-0.00800,0.00600,-0.01400,-0.00900,-0.06600,0.00700,0.00400,-0.00100,0.00000,-0.00300,-0.00400
-0.00740,0.00300,-0.01300,-0.01400,-0.05400,0.00200,0.00500,-0.00200,-0.00100,0.00000,0.00000
-0.00830,0.00600,-0.01600,-0.01200,-0.05900,0.00500,0.00300,0.00000,-0.00300,-0.00300,-0.00400
-0.00800,0.00400,-0.01600,-0.01100,-0.05300,0.00400,0.00200,0.00000,-0.00400,-0.00100,-0.00500
-0.00800,0.00400,-0.01400,-0.00900,-0.05800,0.00400,0.00700,0.00000,-0.00600,0.00000,-0.00800
-0.00770,0.00500,-0.01400,-0.01100,-0.05200,0.00300,0.00000,-0.00200,-0.00200,-0.00100,-0.00300
-0.00790,0.00300,-0.01400,-0.00900,-0.06100,0.00400,0.00400,0.00000,0.00000,-0.00300,-0.00300
-0.00680,0.00700,-0.01400,-0.01200,-0.05000,0.00200,0.00600,-0.00200,-0.00100,-0.00200,-0.00200
-0.00750,0.00300,-0.01400,-0.01300,-0.05500,0.00300,0.00500,-0.00100,0.00000,-0.00100,-0.00200
-0.00750,0.00300,-0.01300,-0.00900,-0.05700,0.00400,0.00500,0.00000,-0.00400,-0.00200,-0.00200
-0.00750,0.00500,-0.01500,-0.00700,-0.05300,0.00100,0.00100,-0.00100,-0.00300,0.00000,-0.00300
-0.00770,0.00300,-0.01600,-0.01200,-0.05900,0.00700,0.00500,0.00000,-0.00200,-0.00100,-0.00200
-0.00610,0.00700,-0.01400,-0.01000,-0.05800,0.00900,0.00600,0.00000,-0.00100,0.00100,-0.00100
-0.00650,0.00900,-0.01700,-0.01200,-0.06300,0.00800,0.01100,-0.00100,0.00100,0.00000,-0.00100
-0.00730,0.00600,-0.01500,-0.00900,-0.05700,0.00100,0.00500,0.00100,-0.00100,-0.00300,-0.00100
-0.00630,0.01000,-0.01300,-0.00900,-0.05500,0.00400,0.00500,-0.00100,-0.00100,-0.00100,-0.00200
-0.00820,0.00200,-0.01700,-0.01000,-0.06900,0.00700,0.01100,0.00000,-0.00100,-0.00300,-0.00200
-0.00700,0.00900,-0.01800,-0.01100,-0.05600,0.00400,0.00600,-0.00300,0.00100,-0.00200,0.00000
-0.00780,0.00400,-0.01500,-0.01900,-0.06400,0.00400,0.01300,-0.00200,0.00200,-0.00100,0.00000
-0.00760,-0.00200,-0.01500,-0.01300,-0.06300,0.00800,0.00800,-0.00200,0.00200,0.00000,0.00100
-0.00710,0.00500,-0.01200,-0.00900,-0.05400,0.00300,0.00300,-0.00100,-0.00200,-0.00300,-0.00100
-0.00750,0.00700,-0.01700,-0.01300,-0.05800,0.00300,0.00500,-0.00200,0.00100,-0.00200,0.00100
-0.00720,0.00600,-0.01300,-0.01000,-0.06100,0.00400,0.00600,-0.00300,0.00100,-0.00100,-0.00100
-0.00700,0.00600,-0.01500,-0.00700,-0.05400,0.00400,0.00400,-0.00200,0.00000,-0.00200,-0.00400
-0.00720,0.00600,-0.01400,-0.00900,-0.06100,0.00700,0.00600,-0.00100,-0.00100,-0.00200,-0.00300
-0.00700,0.00800,-0.01500,-0.01100,-0.05800,0.00200,0.00600,-0.00200,0.00200,-0.00100,-0.00100
-0.00750,0.00600,-0.01700,-0.01100,-0.05600,0.00300,0.00700,0.00000,0.00100,-0.00400,-0.00400
-0.00750,0.00900,-0.01400,-0.00900,-0.05500,0.00300,0.00300,-0.00300,-0.00200,-0.00200,-0.00500
-0.00590,0.01000,-0.01300,-0.01200,-0.05200,0.00600,0.00600,0.00000,-0.00100,0.00100,-0.00400
-0.00780,0.00600,-0.01500,-0.01000,-0.05900,0.00400,0.00400,-0.00200,-0.00100,-0.00200,-0.00300
-0.00770,0.00400,-0.01600,-0.01200,-0.06000,0.00600,0.00400,-0.00100,-0.00200,-0.00300,0.00300
-0.00780,0.00500,-0.01400,-0.00800,-0.06600,0.00800,0.00600,0.00000,-0.00600,-0.00100,-0.00200
-0.00720,0.00400,-0.01100,-0.01000,-0.05600,0.00300,0.00400,-0.00100,-0.00300,-0.00100,-0.00100
-0.00840,0.00000,-0.01600,-0.00900,-0.05900,0.00500,0.00500,-0.00300,-0.00200,-0.00400,-0.00100
-0.00670,0.00400,-0.01200,-0.01100,-0.06000,0.00800,0.00500,-0.00100,0.00100,0.00000,-0.00100
-0.00750,0.00400,-0.01500,-0.01000,-0.05700,0.00400,0.00300,0.00100,0.00000,-0.00200,-0.00300
-0.00810,0.00500,-0.01700,-0.01200,-0.06500,0.00400,0.00700,0.00100,-0.00100,-0.00200,-0.00100
-0.00760,0.00500,-0.01300,-0.01300,-0.05700,0.00200,0.00600,0.00100,-0.00300,-0.00100,-0.00300
-0.00730,0.00600,-0.01400,-0.01000,-0.05300,0.00200,0.00300,-0.00100,-0.00200,-0.00100,-0.00300
-0.00760,0.00500,-0.01500,-0.01300,-0.05900,0.00500,0.00800,-0.00200,-0.00100,0.00000,-0.00400
-0.00740,0.00800,-0.01600,-0.01200,-0.05900,0.00200,0.00700,-0.00200,0.00100,-0.00400,0.00100
-0.00760,0.00300,-0.01500,-0.00900,-0.06300,0.00500,0.00600,-0.00100,0.00100,0.00000,-0.00300
-0.00630,0.00600,-0.01600,-0.01000,-0.05700,0.00300,0.00600,0.00200,0.00100,-0.00200,0.00400
-0.00720,0.00700,-0.01600,-0.01100,-0.06000,0.00400,0.00300,-0.00100,0.00100,0.00000,0.00100
-0.00670,0.00400,-0.01400,-0.00700,-0.05800,0.00400,0.01000,-0.00200,0.00000,-0.00200,-0.00200
-0.00750,0.00400,-0.01200,-0.01100,-0.06000,0.00400,0.00800,-0.00100,-0.00400,-0.00200,-0.00100
-0.00700,0.00500,-0.01500,-0.01100,-0.05000,0.00200,0.00100,0.00100,0.00200,-0.00200,-0.00300
-0.00680,0.00900,-0.01500,-0.00900,-0.05500,0.00100,0.00400,0.00100,0.00000,-0.00100,-0.00300
-0.00810,0.00200,-0.01300,-0.01000,-0.05600,0.00400,0.00400,-0.00300,0.00000,-0.00300,-0.00600
-0.00750,0.00400,-0.01400,-0.00800,-0.06400,0.00800,0.00500,-0.00100,0.00000,-0.00200,-0.00300
-0.00830,0.00300,-0.01400,-0.00800,-0.06400,0.00600,0.00500,-0.00100,-0.00300,-0.00200,-0.00500
-0.00800,0.00300,-0.01700,-0.01100,-0.05500,0.00400,0.00500,-0.00200,-0.00400,-0.00100,-0.00200
-0.00760,0.00400,-0.01500,-0.01000,-0.06100,0.00800,0.00200,-0.00100,0.00200,-0.00100,-0.00400
-0.00640,0.00800,-0.01600,-0.01100,-0.04900,0.00100,0.00400,-0.00200,0.00100,0.00100,-0.00100
-0.00830,0.00100,-0.01500,-0.01300,-0.05800,0.00100,0.00300,0.00000,-0.00100,-0.00100,0.00000
-0.00840,0.00400,-0.01600,-0.01100,-0.06400,0.00600,0.00700,-0.00300,-0.00300,-0.00100,-0.00300
-0.00780,0.00100,-0.01500,-0.01200,-0.05300,0.00200,0.00400,-0.00100,-0.00200,-0.00100,-0.00100
-0.00720,0.00600,-0.01200,-0.00800,-0.05600,0.00200,0.00500,-0.00100,-0.00300,-0.00200,-0.00300
-0.00790,0.00200,-0.01700,-0.01200,-0.05600,-0.00100,0.01000,0.00100,-0.00300,-0.00200,-0.00100
-0.00680,0.00700,-0.01300,-0.00800,-0.06100,0.00300,0.00700,0.00000,-0.00200,0.00000,-0.00100
-0.00630,0.00900,-0.01500,-0.00800,-0.05500,0.00300,0.00800,0.00000,0.00000,-0.00300,-0.00200
-0.00800,0.00300,-0.01500,-0.01100,-0.06100,0.00300,0.00500,-0.00100,-0.00100,-0.00100,-0.00100
-0.00700,0.00900,-0.01500,-0.00600,-0.05900,0.00100,0.00500,0.00100,-0.00400,-0.00100,-0.00100
-0.00750,0.00600,-0.01600,-0.01300,-0.05800,0.00600,0.00700,0.00000,-0.00100,-0.00300,-0.00300
-0.00650,0.00400,-0.01300,-0.00900,-0.04600,0.00200,0.00600,-0.00400,-0.00300,0.00000,-0.00200
-0.00770,0.00200,-0.01700,-0.01300,-0.05600,0.00300,0.00700,-0.00400,-0.00100,0.00200,0.00000
-0.00780,0.00700,-0.01500,-0.01300,-0.05800,0.00400,0.00500,0.00000,-0.00300,-0.00200,-0.00300
-0.00750,0.00500,-0.01300,-0.01300,-0.06100,0.00800,0.00500,-0.00100,-0.00100,0.00000,-0.00400
-0.00710,0.00700,-0.01600,-0.01400,-0.05100,0.00200,0.00400,0.00100,-0.00400,0.00000,0.00000
-0.00820,0.00500,-0.01500,-0.01100,-0.06100,0.00500,0.00700,-0.00100,-0.00300,-0.00200,-0.00600
-0.00730,0.00400,-0.01500,-0.01100,-0.05400,0.00400,0.00500,-0.00100,-0.00300,0.00000,-0.00200
-0.00700,0.00700,-0.01300,-0.01000,-0.06000,0.00600,0.01000,-0.00100,-0.00200,-0.00300,-0.00400
-0.00780,0.00600,-0.01600,-0.01100,-0.05700,0.00400,0.00500,-0.00100,-0.00200,-0.00300,-0.00300
-0.00810,0.00900,-0.01600,-0.01300,-0.05500,0.00100,0.00500,-0.00300,-0.00300,-0.00300,-0.00300
-0.00760,0.00500,-0.01700,-0.01000,-0.06300,0.00300,0.00900,-0.00200,0.00000,0.00000,-0.00100
-0.00700,0.00400,-0.01500,-0.00700,-0.06200,0.00600,0.00600,0.00000,0.00200,-0.00100,-0.00300
